110 120 130 140 150 
110 120 130 140 150 
110 120 130 140 150 
100 90 80 75 110 
100 90 80 75 110 
100 90 80 75 110 
110 120 90 80 95 90
110 120 130 140 150 
110 120 130 140 150 
110 120 130 140 150 
100 90 80 75 110 
100 90 80 75 110 
100 90 80 75 110 
110 120 90 80 95 90
110 120 130 140 150 
110 120 130 140 150 
110 120 130 140 150 
100 90 80 75 110 
100 90 80 75 110 
100 90 80 75 110 
110 120 90 80 95 90
110 120 130 140 150 
110 120 130 140 150 
110 120 130 140 150 
100 90 80 75 110 
100 90 80 75 110 
100 90 80 75 110 
110 120 90 80 95 90
110 120 130 140 150 
110 120 130 140 150 
110 120 130 140 150 
100 90 80 75 110 
100 90 80 75 110 
100 90 80 75 110 
110 120 90 80 95 90
110 120 130 140 150 
110 120 130 140 150 
110 120 130 140 150 
100 90 80 75 110 
100 90 80 75 110 
100 90 80 75 110 
110 120 90 80 95 90
110 120 130 140 150 
110 120 130 140 150 
110 120 130 140 150 
100 90 80 75 110 
100 90 80 75 110 
100 90 80 75 110 
110 120 90 80 95 90
